name: paleoviro
channels:
  - conda-forge
  - bioconda
  - defaults
dependencies:
  - _libgcc_mutex=0.1=conda_forge
  - _openmp_mutex=4.5=1_gnu
  - _sysroot_linux-64_curr_repodata_hack=3=h5bd9786_13
  - blast=2.12.0=pl5262h3289130_0
  - bz2file=0.98=py_0
  - bzip2=1.0.8=h7f98852_4
  - c-ares=1.18.1=h7f98852_0
  - ca-certificates=2021.10.8=ha878542_0
  - certifi=2021.10.8=py37h89c1867_1
  - curl=7.80.0=h2574ce0_0
  - cutadapt=3.5=py37h73a75cf_0
  - dnaio=0.6.0=py37h73a75cf_0
  - entrez-direct=16.2=he881be0_0
  - fastqc=0.11.9=hdfd78af_1
  - font-ttf-dejavu-sans-mono=2.37=hab24e00_0
  - fontconfig=2.13.1=hba837de_1005
  - freetype=2.10.4=h0708190_1
  - gettext=0.19.8.1=h73d1719_1008
  - icu=69.1=h9c3ff4c_0
  - idba=1.1.3=1
  - isa-l=2.30.0=ha770c72_4
  - kernel-headers_linux-64=3.10.0=h4a8ded7_13
  - kraken2=2.1.2=pl5262h7d875b9_0
  - krb5=1.19.2=hcc1bbae_3
  - ld_impl_linux-64=2.36.1=hea4e1c9_2
  - libcurl=7.80.0=h2574ce0_0
  - libdeflate=1.7=h7f98852_5
  - libedit=3.1.20191231=he28a2e2_2
  - libev=4.33=h516909a_1
  - libffi=3.4.2=h7f98852_5
  - libgcc=7.2.0=h69d50b8_2
  - libgcc-ng=11.2.0=h1d223b6_11
  - libgomp=11.2.0=h1d223b6_11
  - libiconv=1.16=h516909a_0
  - libidn2=2.3.2=h7f98852_0
  - libnghttp2=1.43.0=h812cca2_1
  - libnsl=2.0.0=h7f98852_0
  - libpng=1.6.37=h21135ba_2
  - libssh2=1.10.0=ha56f1ee_2
  - libstdcxx-ng=11.2.0=he4da1e4_11
  - libunistring=0.9.10=h7f98852_0
  - libuuid=2.32.1=h7f98852_1000
  - libxml2=2.9.12=h885dcf4_1
  - libzlib=1.2.11=h36c2ea0_1013
  - llvm-openmp=8.0.1=hc9558a2_0
  - lz4-c=1.9.3=h9c3ff4c_1
  - mapdamage2=2.1.1=py_0
  - ncurses=6.2=h58526e2_4
  - openjdk=10.0.2=h14c3975_1015
  - openmp=8.0.1=0
  - openssl=1.1.1l=h7f98852_0
  - pbzip2=1.1.13=0
  - pcre=8.45=h9c3ff4c_0
  - perl=5.26.2=h36c2ea0_1008
  - perl-archive-tar=2.32=pl526_0
  - perl-carp=1.38=pl526_3
  - perl-common-sense=3.74=pl526_2
  - perl-compress-raw-bzip2=2.087=pl526he1b5a44_0
  - perl-compress-raw-zlib=2.087=pl526hc9558a2_0
  - perl-exporter=5.72=pl526_1
  - perl-exporter-tiny=1.002001=pl526_0
  - perl-extutils-makemaker=7.36=pl526_1
  - perl-io-compress=2.087=pl526he1b5a44_0
  - perl-io-zlib=1.10=pl526_2
  - perl-json=4.02=pl526_0
  - perl-json-xs=2.34=pl526h6bb024c_3
  - perl-list-moreutils=0.428=pl526_1
  - perl-list-moreutils-xs=0.428=pl526_0
  - perl-pathtools=3.75=pl526h14c3975_1
  - perl-scalar-list-utils=1.52=pl526h516909a_0
  - perl-types-serialiser=1.0=pl526_2
  - perl-xsloader=0.24=pl526_0
  - pigz=2.6=h27826a3_0
  - pip=21.3.1=pyhd8ed1ab_0
  - popt=1.16=h0b475e3_2002
  - pysam=0.17.0=py37h45aed0b_0
  - python=3.7.12=hb7a2778_100_cpython
  - python-isal=0.11.1=py37h5e8e339_1
  - python_abi=3.7=2_cp37m
  - readline=8.1=h46c0cb4_0
  - rsync=3.2.3=hffa082f_3
  - seqtk=1.3=h5bf99c6_3
  - setuptools=60.2.0=py37h89c1867_0
  - spades=3.15.3=h95f258a_1
  - sqlite=3.37.0=h9cd32fc_0
  - sysroot_linux-64=2.17=h4a8ded7_13
  - tar=1.34=ha1f6473_0
  - tk=8.6.11=h27826a3_1
  - trim-galore=0.6.7=hdfd78af_0
  - trimmomatic=0.39=hdfd78af_2
  - wget=1.20.3=ha56f1ee_1
  - wheel=0.37.1=pyhd8ed1ab_0
  - xopen=1.2.1=py37h89c1867_1
  - xxhash=0.8.0=h7f98852_3
  - xz=5.2.5=h516909a_1
  - zlib=1.2.11=h36c2ea0_1013
  - zstd=1.5.1=ha95c52a_0
